RFs,layers,fun,num_iter,num_func_eval
30,2,0.616,15,1704
